



100044119044097044121044110044101044 044100044105044120044111044110044 044114044101044100044110044101044099044107044 044114044101044118044111044108044116
114044101044118044111044108044116
114044101044118044111044108044116
100044105044120044111044110044 
100044119044097044121044110044101044 044100044105044120044111044110044 
114044101044100044110044101044099044107044 044114044101044118044111044108044116
114044101044118044111044108044117044116044105044111044110044 044110044101044099044107044115
105
105
101
100111109105110111039115 112105122122097 101116104105111112105097
101116104105111112105097
100111109105110111039115 112105122122097 105110100105097
097
105
110
100
111
105
100


100044119044097044121044110044101044 044100044105044120044111044110044 044114044101044100044110044101044099044107044 044114044101044118044111044108044116
114044101044118044111044108044116
114044101044118044111044108044116
100044105044120044111044110044 
100044119044097044121044110044101044 044100044105044120044111044110044 
114044101044100044110044101044099044107044 044114044101044118044111044108044116
114044101044118044111044108044117044116044105044111044110044 044110044101044099044107044115
105
105
101
100111109105110111039115 112105122122097 101116104105111112105097
101116104105111112105097
100111109105110111039115 112105122122097 105110100105097
097
105
110
100
111
105
100


100044119044097044121044110044101044 044100044105044120044111044110044 044114044101044100044110044101044099044107044 044114044101044118044111044108044116
114044101044118044111044108044116
114044101044118044111044108044116
100044105044120044111044110044 
100044119044097044121044110044101044 044100044105044120044111044110044 
114044101044100044110044101044099044107044 044114044101044118044111044108044116
114044101044118044111044108044117044116044105044111044110044 044110044101044099044107044115
105
105
101
100111109105110111039115 112105122122097 101116104105111112105097
101116104105111112105097
100111109105110111039115 112105122122097 105110100105097
097
105
110
100
111
105
100


100044119044097044121044110044101044 044100044105044120044111044110044 044114044101044100044110044101044099044107044 044114044101044118044111044108044116
114044101044118044111044108044116
114044101044118044111044108044116
100044105044120044111044110044 
100044119044097044121044110044101044 044100044105044120044111044110044 
114044101044100044110044101044099044107044 044114044101044118044111044108044116
114044101044118044111044108044117044116044105044111044110044 044110044101044099044107044115
105
105
101
100111109105110111039115 112105122122097 101116104105111112105097
101116104105111112105097
100111109105110111039115 112105122122097 105110100105097
097
105
110
100
111
105
100


100044119044097044121044110044101044 044100044105044120044111044110044 044114044101044100044110044101044099044107044 044114044101044118044111044108044116
114044101044118044111044108044116
114044101044118044111044108044116
100044105044120044111044110044 
100044119044097044121044110044101044 044100044105044120044111044110044 
114044101044100044110044101044099044107044 044114044101044118044111044108044116
114044101044118044111044108044117044116044105044111044110044 044110044101044099044107044115
105
105
101
100111109105110111039115 112105122122097 101116104105111112105097
101116104105111112105097
100111109105110111039115 112105122122097 105110100105097
097
105
110
100
111
105
100


100044119044097044121044110044101044 044100044105044120044111044110044 044114044101044100044110044101044099044107044 044114044101044118044111044108044116
114044101044118044111044108044116
114044101044118044111044108044116
100044105044120044111044110044 
100044119044097044121044110044101044 044100044105044120044111044110044 
114044101044100044110044101044099044107044 044114044101044118044111044108044116
114044101044118044111044108044117044116044105044111044110044 044110044101044099044107044115
105
105
101
100111109105110111039115 112105122122097 101116104105111112105097
101116104105111112105097
100111109105110111039115 112105122122097 105110100105097
097
105
110
100
111
105
100


100044119044097044121044110044101044 044100044105044120044111044110044 044114044101044100044110044101044099044107044 044114044101044118044111044108044116
114044101044118044111044108044116
114044101044118044111044108044116
100044105044120044111044110044 
100044119044097044121044110044101044 044100044105044120044111044110044 
114044101044100044110044101044099044107044 044114044101044118044111044108044116
114044101044118044111044108044117044116044105044111044110044 044110044101044099044107044115
105
105
101
100111109105110111039115 112105122122097 101116104105111112105097
101116104105111112105097
100111109105110111039115 112105122122097 105110100105097
097
105
110
100
111
105
100


100044119044097044121044110044101044 044100044105044120044111044110044 044114044101044100044110044101044099044107044 044114044101044118044111044108044116
114044101044118044111044108044116
114044101044118044111044108044116
100044105044120044111044110044 
100044119044097044121044110044101044 044100044105044120044111044110044 
114044101044100044110044101044099044107044 044114044101044118044111044108044116
114044101044118044111044108044117044116044105044111044110044 044110044101044099044107044115
105
105
101
100111109105110111039115 112105122122097 101116104105111112105097
101116104105111112105097
100111109105110111039115 112105122122097 105110100105097
097
105
110
100
111
105
100


100044119044097044121044110044101044 044100044105044120044111044110044 044114044101044100044110044101044099044107044 044114044101044118044111044108044116
114044101044118044111044108044116
114044101044118044111044108044116
100044105044120044111044110044 
100044119044097044121044110044101044 044100044105044120044111044110044 
114044101044100044110044101044099044107044 044114044101044118044111044108044116
114044101044118044111044108044117044116044105044111044110044 044110044101044099044107044115
105
105
101
100111109105110111039115 112105122122097 101116104105111112105097
101116104105111112105097
100111109105110111039115 112105122122097 105110100105097
097
105
110
100
111
105
100